blue (110):
  1   3   5   6   8   9  10  12  37  39
 41  42  44  45  47  48  50  51  55  58
 60  62  63  64  70  71  74  75  77  78
 79  80  82  83  86  89  90  91  92  93
 97  98 101 104 105 106 109 111 114 116
118 119 206 209 214 215 216 217 218 219
220 221 224 227 229 230 231 232 233 234
235 236 237 239 240 248 251 253 254 256
259 261 262 264 265 266 267 268 269 274
276 277 278 279 281 282 283 284 285 286
290 291 293 295 296 300 301 302 303 304

cyan (68):
  1   6  12  19  21  22  23  24  26  27
 28  30  34  60  61  62  65  67  70  71
 77  78  81  86  87  88  94  95  96  99
104 109 114 117 152 153 166 167 168 169
170 171 174 181 182 183 184 185 188 192
246 261 262 264 267 268 269 270 271 273
281 283 287 288 289 296 298 300

violet (102):
  1   2   3   5   6   8   9  10  11  12
 13  14  15  18  19  20  22  23  24  25
 27  29  34  37  38  39  41  43  45  46
 50  55  74  75  78  86  87  88  89  90
 91  92  93  95  96  97  98 101 103 105
107 111 119 120 134 135 137 138 139 141
160 161 162 163 164 165 173 174 175 176
178 179 180 187 190 191 194 203 221 223
225 226 227 234 236 239 240 241 271 274
283 286 288 290 291 293 294 295 299 300
301 303

red (74):
  1   3   5   6   8   9  12  14  15  24
 25  27  34  45  55  58  70  71  87  88
 89  90  91  93  99 100 101 109 114 124
126 129 130 136 137 139 140 142 143 146
148 154 155 157 159 180 184 188 189 191
192 194 197 202 203 210 212 214 236 238
245 246 254 255 256 267 268 287 288 292
293 295 296 297

orange (95):
  1   3   7  10  11  13  14  15  16  18
 22  27  34  35  36  38  39  50  56  57
 58  59  60  61  62  70  71  72  73  74
 75  76  77  85  86 102 103 104 105 108
109 110 113 114 115 118 119 122 123 126
129 130 133 138 139 140 141 143 144 151
156 162 171 192 195 197 198 200 201 204
205 208 213 220 228 243 244 246 247 250
251 256 257 258 261 263 269 272 273 275
276 278 280 281 301

yellow (75):
  1   3   5   6   9  10  12  13  15  17
 22  25  34  40  45  55  58  59  62  65
 74  75  77  84  86  87  88  90  91  92
 93  94  97  99 101 114 119 120 121 123
124 126 132 135 137 141 146 150 153 158
168 171 177 180 195 199 203 206 207 209
211 214 217 220 227 242 249 253 254 262
270 271 273 274 279

pink (98):
  1   2   3   4   5   6   9  11  12  15
 23  25  27  29  30  31  32  33  37  45
 51  52  53  54  58  62  68  69  70  77
 78  82  84  85  88  89  92  93  96  97
 98 100 104 119 120 121 123 124 127 128
129 131 132 133 135 136 138 145 146 147
149 150 151 169 170 172 174 178 179 182
185 186 190 193 195 196 197 199 202 206
208 218 219 221 222 234 239 242 245 249
252 253 255 260 264 290 291 303

green (13):
  1   6  12  18  37  48  49  66  87  92
 95 112 125

white (7):
  1   3   5   7   9  78  89

