red (84):
  1  11  12  13  14  18  19  21  25  27
 28  29  33  35  95  96  97  98  99 104
105 107 108 109 111 112 114 115 117 119
121 122 125 128 134 138 139 143 144 146
149 152 158 159 162 165 167 168 169 170
172 173 176 177 179 181 183 184 185 186
189 190 192 194 254 257 259 262 263 265
266 267 268 269 270 271 272 273 277 282
284 285 287 288

orange (70):
  2   4   8   9  18  19  20  21  25  27
 28  29  31  33  34  54  55  56  58  59
 60  66  67  68  69  71  72  74  75  77
 78  85  86  90  91 130 138 139 142 145
148 152 155 157 166 172 173 174 175 180
181 182 183 184 185 186 187 191 192 193
220 231 233 239 240 241 242 283 285 286

yellow (97):
  1   7   8   9  11  12  13  14  15  16
 25  26  27  28  29  30  32  33  35  38
 44  45  51  52  53  57  59  60  62  63
 64  65  71  72  74  75  80  82  90  91
 99 100 107 109 110 111 112 125 127 128
155 157 158 159 166 167 172 173 174 175
176 177 178 179 181 183 184 185 186 187
188 190 191 192 205 206 208 209 222 223
226 227 232 233 234 236 238 243 244 251
253 263 264 271 274 287 289

green (56):
  4   8  11  18  19  28  29  33  34  35
 42  44  45  47  64  67  72  73  75  82
 86  90  91 104 111 112 117 122 128 130
134 146 174 175 176 177 184 185 186 198
199 200 207 208 210 217 220 221 235 238
239 245 253 258 276 280

cyan (87):
  2   3   5   8   9  10  17  18  19  20
 22  23  25  33  34  35  37  42  46  53
 54  55  59  60  74  75  78  82  86  91
 92  93  94  95  96  97 101 102 115 117
118 122 124 125 128 129 131 132 133 136
137 140 147 151 152 154 156 157 161 171
173 187 188 190 191 196 200 202 204 209
218 229 231 245 247 248 250 252 255 257
260 262 273 275 278 279 281

blue (76):
  4   8  11  18  19  24  25  27  29  35
 38  44  45  48  49  50  51  53  54  55
 61  63  64  67  82  86  90  93  94  95
 96  97  99 103 104 109 111 112 117 122
123 125 130 134 138 139 141 145 146 152
155 157 158 159 160 164 165 172 175 177
179 180 183 199 211 212 213 216 219 224
228 251 254 256 259 286

violet (90):
  1   2   6   7  11  12  15  18  21  27
 28  29  32  33  39  40  41  42  43  45
 48  51  53  54  59  63  69  70  72  74
 79  80  81  83  84  85  87  88  89  95
 97 103 104 106 109 119 120 121 123 124
126 130 133 134 135 138 139 150 151 153
155 158 163 167 174 176 179 181 190 192
195 197 201 202 203 205 213 214 215 225
230 234 237 241 243 246 247 249 261 267

pink (19):
  4   8  19  21  25  27  35  36  44  51
 55  63  64  67  76  96  99 116 159

white (8):
  1   2  11  12  28  32 106 113

